Lunit = 1.00 m
Munit = 1.00 kg
Tunit = 1.00 s

g = 9.81
rho = 1.225

15040.37 4.16 1.38 0.25 0 0 0
15040.37 4.16 -1.38 0.25 0 0 0
7542.77 5.97 4.88 0.87 0 0 0
7542.77 5.97 -4.88 0.87 0 0 0
4600.58 8.29 8.07 1.43 0 0 0
4600.58 8.29 -8.07 1.43 0 0 0
1769.46 11.56 11.29 1.99 0 0 0
1769.46 11.56 -11.29 1.99 0 0 0
554.62 14.43 14.79 2.61 0 0 0
554.62 14.43 -14.79 2.61 0 0 0
287.54 16.24 18.07 3.19 0 0 0
287.54 16.24 -18.07 3.19 0 0 0

11503.01 5.95 1.51 0.27 0 0 0
11503.01 5.95 -1.51 0.27 0 0 0
7417.00 7.22 4.94 0.88 0 0 0
7417.00 7.22 -4.94 0.88 0 0 0
4929.86 9.33 8.15 1.43 0 0 0
4929.86 9.33 -8.15 1.43 0 0 0

60038.91 12.33 11.48 2.06 0 0 0
60038.91 12.33 -11.48 2.06 0 0 0
18818.50 14.83 14.92 2.66 0 0 0
18818.50 14.83 -14.92 2.66 0 0 0
9756.32 16.57 18.22 3.26 0 0 0
9756.32 16.57 -18.22 3.26 0 0 0

