1.000028  0.001260
  0.993891  0.002256
  0.975631  0.005182
  0.945694  0.009859
  0.904816  0.016020
  0.853997  0.023336
  0.794487  0.031450
  0.727745  0.039983
  0.655412  0.048537
  0.579263  0.056686
  0.501169  0.063969
  0.423045  0.069903
  0.346807  0.074014
  0.274326  0.075888
  0.207382  0.075232
  0.146288  0.071464
  0.092309  0.062655
  0.048932  0.048702
  0.018649  0.031767
  0.002449  0.014802
  0.000000  0.000000
  0.009863 -0.011167
  0.030295 -0.018693
  0.060061 -0.024186
  0.098674 -0.029223
  0.146605 -0.034702
  0.204833 -0.040168
  0.271683 -0.043779
  0.344176 -0.045106
  0.420521 -0.044365
  0.498831 -0.041885
  0.577171 -0.038057
  0.653605 -0.033278
  0.726245 -0.027925
  0.793299 -0.022347
  0.853109 -0.016868
  0.904201 -0.011802
  0.945312 -0.007452
  0.975426 -0.004101
  0.993797 -0.001984
  0.999972 -0.001260